Seeded RNG: 2514336011
Running IMIS. InitSamples: 50000000, StepSamples: 100000, FinalResamples 100000, MaxIter 3000
Step Var(w_i)  MargLik    Unique Max(w_i)     ESS     Time
   0 15187978.00    22.77   139.60     0.51     3.29 11019.00
   1 4614741.12    22.92   240.98     0.19    10.86    42.00
   2 3625010.08    22.65  1105.15     0.21    13.85    43.00
   3 2545136.49    22.71  1222.91     0.16    19.76    38.00
   4 5301286.98    23.15  2069.42     0.31     9.51    37.00
   5 1797799.88    23.80  3345.37     0.10    28.09    38.00
   6 2597372.24    24.12  4271.31     0.18    19.48    42.00
   7 865590.43    24.19  5255.11     0.08    58.57    36.00
   8 7526248.89    25.24  4719.85     0.38     6.75    34.00
   9 2445305.74    25.15  6297.12     0.21    20.82    38.00
  10 5095532.52    25.28  6405.23     0.31    10.01    35.00
  11 726109.10    25.06  8025.33     0.09    70.38    39.00
  12 468453.00    25.42  7893.62     0.04   109.30    39.00
  13 1369251.18    25.67  8230.73     0.15    37.47    40.00
  14 264124.83    25.72  9500.30     0.03   194.60    36.00
  15 270245.02    25.88 10113.61     0.04   190.57    38.00
  16 279051.76    26.31 10229.07     0.05   184.91    35.00
  17 176619.34    26.41 10783.22     0.02   292.72    34.00
  18 154414.67    26.55 11196.80     0.01   335.46    33.00
  19 142268.01    26.84 11527.09     0.02   364.80    37.00
  20 250729.73    27.09 11643.38     0.05   207.39    32.00
  21 185716.66    27.14 12533.17     0.04   280.53    35.00
  22 105995.12    27.22 13339.54     0.01   492.47    34.00
  23 125780.99    27.39 13945.44     0.02   415.80    35.00
  24 126358.41    27.55 14348.62     0.03   414.69    35.00
  25 81335.86    27.54 15384.89     0.02   645.46    32.00
  26 66674.73    27.58 15987.33     0.01   788.89    33.00
  27 168163.56    27.69 16055.82     0.05   313.38    34.00
  28 63234.82    27.67 17124.62     0.01   834.97    36.00
  29 59328.79    27.73 17647.50     0.01   891.63    34.00
  30 53356.25    27.77 18257.66     0.01   993.30    33.00
  31 80174.23    27.82 18566.81     0.03   662.30    34.00
  32 46103.15    27.85 19148.75     0.01  1153.91    33.00
  33 43441.20    27.94 19344.01     0.01  1226.92    33.00
  34 41303.14    27.99 19791.76     0.01  1292.85    34.00
  35 44121.35    28.03 20106.70     0.01  1212.54    32.00
  36 37223.49    28.07 20588.77     0.01  1439.91    33.00
  37 35792.40    28.09 20980.23     0.01  1500.28    32.00
  38 32878.30    28.09 21480.64     0.00  1636.29    33.00
  39 30321.01    28.13 22035.11     0.00  1777.59    40.00
  40 50066.04    28.19 22246.98     0.02  1078.55    35.00
  41 28156.75    28.17 22921.51     0.00  1921.32    41.00
  42 84236.73    28.22 22863.16     0.03   643.42    38.00
  43 27627.78    28.21 23372.27     0.00  1965.34    37.00
  44 29207.14    28.24 23556.91     0.01  1862.49    35.00
  45 26901.16    28.25 23821.25     0.00  2025.86    32.00
  46 87289.33    28.32 23614.04     0.03   625.50    36.00
  47 33131.87    28.35 24230.80     0.01  1650.93    34.00
  48 34391.79    28.45 24335.82     0.01  1593.36    37.00
  49 28381.01    28.46 25066.41     0.01  1934.32    34.00
  50 26060.73    28.48 25405.62     0.00  2110.37    35.00
  51 25141.48    28.54 25456.60     0.00  2191.51    33.00
  52 25388.64    28.56 25919.89     0.01  2174.12    32.00
  53 22420.71    28.59 26355.73     0.00  2466.36    34.00
  54 21894.48    28.60 26578.51     0.00  2530.20    33.00
  55 25311.79    28.63 26741.42     0.01  2192.57    33.00
  56 26602.31    28.65 27066.41     0.01  2089.97    33.00
  57 26531.61    28.67 27534.09     0.01  2099.30    36.00
  58 19406.77    28.66 28144.84     0.01  2875.14    33.00
  59 18445.26    28.67 28388.36     0.00  3030.42    33.00
  60 17031.43    28.69 28734.57     0.00  3287.85    34.00
  61 16517.38    28.72 29119.74     0.00  3396.22    38.00
  62 17010.47    28.73 29345.03     0.00  3303.65    32.00
  63 15875.27    28.74 29566.39     0.00  3546.17    34.00
  64 17985.40    28.76 29704.74     0.01  3135.70    37.00
  65 14751.19    28.76 30154.83     0.00  3829.94    36.00
  66 15124.37    28.79 30384.25     0.00  3742.06    39.00
  67 16894.13    28.83 30423.08     0.01  3356.00    41.00
  68 14506.42    28.83 30700.68     0.00  3915.24    38.00
  69 14226.82    28.84 30909.94     0.00  3999.21    37.00
  70 14246.74    28.85 30879.53     0.00  4000.64    42.00
  71 14020.28    28.86 31130.16     0.00  4072.38    40.00
  72 13450.74    28.88 31305.43     0.00  4252.24    40.00
  73 12890.89    28.88 31616.31     0.00  4444.66    32.00
  74 12444.12    28.89 31822.76     0.00  4612.25    36.00
  75 12628.78    28.90 31848.98     0.00  4552.73    43.00
  76 12798.84    28.91 31949.05     0.00  4500.06    42.00
  77 16515.24    28.92 31854.88     0.01  3493.53    38.00
  78 12439.22    28.92 32171.70     0.00  4646.22    39.00
  79 15450.54    28.94 32186.92     0.01  3747.20    38.00
  80 13461.55    28.95 32311.99     0.00  4308.25    38.00
  81 12666.58    28.96 32601.46     0.00  4586.51    35.00
  82 12227.50    28.96 32785.19     0.00  4759.37    36.00
  83 28549.67    28.99 32599.34     0.02  2041.98    36.00
  84 11769.74    28.97 33074.59     0.00  4961.45    40.00
  85 11611.75    28.99 33127.57     0.00  5037.57    36.00
  86 11524.50    29.00 33260.63     0.00  5084.38    37.00
  87 12482.11    29.02 33158.24     0.00  4702.35    37.00
  88 30821.28    29.05 32971.23     0.02  1907.71    38.00
  89 12749.45    29.05 33472.99     0.01  4619.45    40.00
  90 11226.19    29.05 33670.96     0.00  5255.10    36.00
  91 13796.32    29.08 33594.86     0.01  4283.44    38.00
  92 10974.38    29.08 33866.21     0.00  5393.89    37.00
  93 13763.34    29.09 33912.25     0.01  4308.23    39.00
  94 10626.23    29.10 34185.09     0.00  5589.42    41.00
  95 10469.72    29.11 34321.05     0.00  5682.51    38.00
  96 11857.18    29.13 34308.18     0.00  5026.07    42.00
  97 13700.34    29.16 34300.94     0.01  4357.24    35.00
  98 12149.58    29.17 34495.50     0.00  4921.58    37.00
  99 11363.54    29.17 34772.91     0.00  5270.78    38.00
 100 13813.62    29.19 34782.60     0.01  4343.23    39.00
 101 10679.41    29.19 35128.70     0.00  5627.12    38.00
 102 10688.49    29.19 35300.36     0.00  5631.70    37.00
 103 10107.77    29.20 35506.63     0.00  5965.12    39.00
 104  9926.79    29.20 35625.72     0.00  6083.93    38.00
 105  9652.33    29.20 35777.73     0.00  6267.26    36.00
 106 10788.33    29.23 35804.17     0.00  5616.66    38.00
 107  9632.18    29.24 36012.64     0.00  6301.14    37.00
 108 10444.46    29.26 35963.72     0.00  5820.71    38.00
 109 10518.21    29.28 36061.68     0.00  5789.41    37.00
 110 10329.11    29.28 36165.47     0.00  5905.07    38.00
 111 10503.89    29.30 36254.59     0.00  5816.34    38.00
 112  9446.73    29.30 36593.15     0.00  6477.75    35.00
 113 10206.67    29.32 36651.56     0.00  6005.29    36.00
 114 10028.70    29.33 36786.45     0.00  6121.82    37.00
 115 10043.78    29.34 36953.11     0.00  6122.58    36.00
 116  9876.41    29.35 37082.51     0.00  6236.45    38.00
 117  9981.00    29.37 37211.29     0.00  6181.13    37.00
 118  9425.79    29.37 37456.17     0.00  6555.78    39.00
 119  9108.59    29.38 37724.50     0.00  6795.04    36.00
 120  8853.88    29.38 37943.43     0.00  7001.79    39.00
 121  8866.34    29.40 37954.90     0.00  7003.23    41.00
 122  8677.75    29.40 38188.46     0.00  7166.93    40.00
 123  8655.17    29.40 38337.43     0.00  7197.18    38.00
 124  8459.89    29.41 38511.77     0.00  7375.11    40.00
 125  9605.69    29.42 38445.00     0.00  6505.88    36.00
 126  8535.74    29.42 38713.27     0.00  7333.01    37.00
 127  8282.06    29.42 38902.23     0.00  7569.67    38.00
 128  8153.15    29.43 39073.11     0.00  7701.60    40.00
 129  8025.64    29.43 39257.04     0.00  7836.41    39.00
 130  8017.79    29.44 39442.43     0.00  7856.55    41.00
 131  7776.01    29.44 39627.38     0.00  8113.66    37.00
 132  7633.10    29.45 39802.36     0.00  8278.64    37.00
 133  7706.20    29.47 39836.33     0.00  8213.10    39.00
 134  7570.41    29.47 40033.35     0.00  8373.60    38.00
 135  7524.92    29.47 40119.55     0.00  8437.51    37.00
 136  7446.73    29.48 40282.70     0.00  8539.52    40.00
 137  8946.88    29.49 40282.38     0.01  7119.00    38.00
 138  7785.33    29.49 40367.14     0.00  8193.84    42.00
 139  7598.69    29.50 40447.07     0.00  8408.24    41.00
 140  7477.20    29.50 40578.74     0.00  8558.21    37.00
 141  7360.67    29.50 40730.68     0.00  8707.26    38.00
 142  7235.62    29.50 40955.48     0.00  8871.55    38.00
 143  7294.09    29.51 40980.31     0.00  8814.14    39.00
 144  7040.18    29.52 41200.52     0.00  9146.19    39.00
 145 15017.91    29.54 41069.02     0.01  4294.59    41.00
 146  6903.72    29.54 41559.17     0.00  9355.92    39.00
 147  6979.23    29.54 41611.39     0.00  9269.03    40.00
 148  8596.24    29.55 41631.72     0.01  7537.30    38.00
 149  6750.19    29.55 41988.64     0.00  9613.11    39.00
 150  6778.56    29.55 42086.08     0.00  9587.64    43.00
 151  7070.83    29.56 42086.75     0.00  9205.54    44.00
 152  6849.22    29.56 42242.22     0.00  9517.94    39.00
 153  6692.74    29.56 42405.26     0.00  9755.38    39.00
 154  6876.35    29.57 42470.19     0.00  9509.48    42.00
 155  6786.38    29.58 42575.57     0.00  9650.26    40.00
 156  7544.07    29.59 42596.54     0.00  8694.42    41.00
 157  8136.25    29.60 42602.08     0.00  8073.98    40.00
 158  6886.28    29.60 42828.06     0.00  9553.84    38.00
 159  6569.40    29.60 42998.04     0.00 10029.83    42.00
 160  6484.91    29.61 43105.55     0.00 10175.90    45.00
 161  6574.61    29.62 43097.16     0.00 10052.30    39.00
 162  8157.32    29.63 43071.06     0.00  8114.42    40.00
 163  6714.31    29.63 43349.64     0.00  9872.97    43.00
 164  6304.49    29.63 43596.03     0.00 10530.50    40.00
 165  9482.24    29.64 43388.15     0.01  7012.37    40.00
 166  6453.73    29.64 43772.01     0.00 10318.01    40.00
 167  6154.44    29.64 43947.56     0.00 10835.94    44.00
 168  6110.69    29.64 44009.47     0.00 10929.87    40.00
 169  6151.07    29.64 44060.42     0.00 10874.39    39.00
 170  6058.77    29.65 44188.40     0.00 11056.53    43.00
 171  5979.30    29.66 44299.59     0.00 11220.17    45.00
 172  6182.66    29.67 44272.38     0.00 10867.35    43.00
 173  6359.37    29.67 44414.68     0.00 10581.15    41.00
 174  6137.44    29.67 44547.79     0.00 10979.99    41.00
 175  5973.12    29.67 44642.12     0.00 11298.74    39.00
 176  6219.11    29.68 44757.36     0.00 10867.97    45.00
 177  5883.69    29.68 44868.48     0.00 11504.43    42.00
 178  5893.89    29.69 45019.76     0.00 11501.48    41.00
 179  5729.61    29.69 45140.84     0.00 11848.65    43.00
 180  5786.79    29.70 45197.49     0.00 11748.88    41.00
 181  5617.82    29.70 45388.69     0.00 12119.98    41.00
 182  5579.78    29.70 45506.25     0.00 12220.51    44.00
 183  5531.95    29.70 45615.98     0.00 12344.23    49.00
 184  5486.82    29.70 45730.23     0.00 12463.95    42.00
 185  5605.73    29.71 45810.65     0.00 12217.46    42.00
 186  5785.74    29.71 45863.25     0.00 11854.69    41.00
 187  5564.41    29.71 46050.94     0.00 12344.11    42.00
 188  6052.91    29.72 46037.97     0.00 11364.55    41.00
 189  5358.33    29.72 46358.19     0.00 12856.08    42.00
 190  5719.19    29.73 46409.13     0.00 12062.53    41.00
 191  5340.57    29.73 46565.65     0.00 12936.27    42.00
 192  5388.66    29.73 46612.84     0.00 12839.40    42.00
 193  5294.60    29.73 46755.14     0.00 13086.33    42.00
 194  5233.73    29.73 46869.25     0.00 13257.61    43.00
 195  5536.19    29.74 46836.53     0.00 12551.49    44.00
 196  5376.88    29.75 46986.53     0.00 12941.91    44.00
 197  5336.32    29.75 47078.15     0.00 13058.98    44.00
 198  5263.49    29.75 47197.63     0.00 13258.65    42.00
 199  5178.57    29.75 47296.69     0.00 13495.34    41.00
 200  5256.21    29.75 47349.38     0.00 13315.04    44.00
 201  5094.18    29.76 47534.08     0.00 13758.10    41.00
 202  5048.14    29.76 47658.61     0.00 13903.37    43.00
 203  5584.25    29.76 47701.45     0.00 12586.72    42.00
 204  4939.90    29.76 47932.26     0.00 14248.42    42.00
 205  4902.27    29.76 48034.76     0.00 14378.16    42.00
 206  4871.72    29.76 48136.22     0.00 14488.84    44.00
 207  5089.61    29.77 48094.03     0.00 13888.32    42.00
 208  4890.62    29.77 48207.54     0.00 14473.74    42.00
 209  4969.74    29.78 48166.54     0.00 14263.47    45.00
 210  4964.30    29.78 48266.50     0.00 14299.23    43.00
 211  5342.04    29.78 48292.79     0.00 13307.02    43.00
 212  4856.39    29.78 48419.62     0.00 14658.07    42.00
 213  4808.39    29.78 48524.02     0.00 14825.17    42.00
 214  4782.04    29.78 48540.62     0.00 14927.73    43.00
 215  4748.13    29.79 48621.65     0.00 15055.39    45.00
 216  4717.63    29.79 48719.26     0.00 15173.90    43.00
 217  4692.24    29.79 48800.57     0.00 15277.28    47.00
 218  4658.34    29.79 48907.74     0.00 15409.89    43.00
 219  4630.97    29.79 48965.67     0.00 15522.56    44.00
 220  5123.82    29.80 48881.14     0.00 14049.27    47.00
 221  4812.22    29.80 49027.75     0.00 14979.58    46.00
 222  4771.71    29.80 49052.73     0.00 15127.68    44.00
 223  4745.97    29.81 49078.28     0.00 15230.76    44.00
 224  4636.57    29.82 49161.37     0.00 15611.62    45.00
 225  4546.75    29.82 49303.23     0.00 15941.95    45.00
 226  4629.10    29.82 49293.77     0.00 15680.00    45.00
 227  4707.14    29.83 49269.68     0.00 15441.36    49.00
 228  4577.55    29.84 49360.72     0.00 15900.23    51.00
 229  5447.85    29.85 49232.17     0.00 13378.96    47.00
 230  4714.79    29.85 49368.92     0.00 15479.92    43.00
 231  4623.65    29.85 49456.92     0.00 15806.60    44.00
 232  4736.17    29.86 49517.48     0.00 15452.25    47.00
 233  4523.74    29.86 49653.39     0.00 16199.81    43.00
 234  4582.80    29.86 49663.70     0.00 16012.93    51.00
 235  4558.98    29.86 49763.94     0.00 16118.48    47.00
 236  4990.82    29.87 49711.33     0.00 14744.12    52.00
 237  4504.72    29.87 49869.18     0.00 16356.99    45.00
 238  5324.41    29.88 49710.14     0.00 13858.09    48.00
 239  4525.49    29.87 49878.00     0.00 16326.11    49.00
 240  4609.89    29.88 49831.83     0.00 16048.95    44.00
 241  4556.29    29.88 49919.29     0.00 16259.66    45.00
 242  4778.68    29.88 49969.53     0.00 15524.05    46.00
 243  4651.18    29.89 50006.42     0.00 15971.00    45.00
 244  5230.50    29.89 49985.86     0.00 14221.54    46.00
 245  5234.63    29.90 50022.72     0.00 14229.42    44.00
 246  4830.21    29.90 50179.57     0.00 15441.26    46.00
 247  4616.52    29.90 50306.51     0.00 16177.52    46.00
 248  4635.61    29.91 50384.59     0.00 16132.48    46.00
 249  4537.53    29.91 50465.54     0.00 16503.14    45.00
 250  4596.77    29.91 50472.37     0.00 16312.26    44.00
 251  4510.11    29.91 50574.95     0.00 16647.81    44.00
 252  4885.25    29.92 50561.85     0.00 15390.11    47.00
 253  4601.62    29.92 50560.48     0.00 16360.25    46.00
 254  4662.27    29.93 50552.25     0.00 16168.93    46.00
 255  4480.34    29.93 50706.06     0.00 16847.65    47.00
 256  4443.57    29.93 50760.87     0.00 17009.54    47.00
 257  4417.46    29.93 50830.56     0.00 17132.65    45.00
 258  4393.37    29.94 50869.60     0.00 17249.35    46.00
 259  4354.33    29.94 50981.01     0.00 17426.92    46.00
 260  4318.39    29.94 51072.30     0.00 17595.09    46.00
 261  4322.50    29.94 51123.92     0.00 17601.46    47.00
 262  4264.29    29.94 51220.27     0.00 17865.15    47.00
 263  4209.88    29.95 51308.52     0.00 18119.71    59.00
 264  4183.75    29.95 51324.46     0.00 18256.77    53.00
 265  4286.75    29.96 51296.52     0.00 17841.51    48.00
 266  4271.74    29.96 51398.03     0.00 17927.62    51.00
 267  4244.86    29.97 51484.11     0.00 18064.64    50.00
 268  4209.57    29.97 51525.34     0.00 18239.81    46.00
 269  4281.59    29.97 51509.23     0.00 17956.44    46.00
 270  4178.83    29.97 51621.31     0.00 18421.79    48.00
 271  4274.19    29.98 51682.38     0.00 18034.27    51.00
 272  4114.59    29.98 51892.13     0.00 18757.93    48.00
 273  4070.00    29.99 51970.32     0.00 18987.95    47.00
 274  4053.99    29.99 52017.47     0.00 19087.61    50.00
 275  4041.08    29.99 52078.08     0.00 19173.29    49.00
 276  3993.30    29.99 52173.41     0.00 19427.68    45.00
 277  3982.47    29.99 52203.30     0.00 19505.60    51.00
 278  3975.85    29.99 52237.05     0.00 19563.23    49.00
 279  3975.53    29.99 52305.28     0.00 19589.95    47.00
 280  3948.64    30.00 52375.78     0.00 19748.64    51.00
 281  4773.37    30.00 52245.29     0.00 16358.18    44.00
 282  4317.73    30.00 52464.19     0.00 18107.16    46.00
 283  3965.43    30.00 52602.83     0.00 19740.67    50.00
 284  3929.74    30.01 52725.32     0.00 19945.37    49.00
 285  3871.37    30.01 52835.80     0.00 20271.84    45.00
 286  3849.03    30.01 52918.74     0.00 20415.44    46.00
 287  3980.38    30.01 52895.56     0.00 19767.02    47.00
 288  3908.52    30.01 52969.96     0.00 20155.94    47.00
 289  3838.01    30.01 53061.65     0.00 20552.15    51.00
 290  3823.09    30.01 53104.34     0.00 20658.52    51.00
 291  3913.41    30.02 53136.11     0.00 20207.40    50.00
 292  4472.29    30.02 53122.25     0.00 17705.08    47.00
 293  3792.74    30.02 53280.06     0.00 20902.87    48.00
 294  3760.60    30.02 53347.31     0.00 21108.04    51.00
 295  4328.08    30.02 53275.60     0.00 18364.18    50.00
 296  3778.66    30.02 53426.05     0.00 21060.12    47.00
 297  3781.07    30.02 53441.03     0.00 21073.12    51.00
 298  3742.44    30.02 53516.60     0.00 21317.32    49.00
 299  3712.78    30.02 53582.50     0.00 21514.46    49.00
 300  3712.18    30.03 53633.14     0.00 21544.89    49.00
 301  3735.82    30.03 53636.66     0.00 21435.36    46.00
 302  3692.79    30.03 53720.98     0.00 21712.09    49.00
 303  3678.02    30.03 53765.14     0.00 21826.46    50.00
 304  3649.24    30.03 53853.59     0.00 22025.97    47.00
 305  3636.90    30.03 53881.91     0.00 22128.18    51.00
 306  3645.68    30.04 53915.95     0.00 22102.32    50.00
 307  3666.37    30.04 53936.27     0.00 22004.86    49.00
 308  3600.89    30.04 54060.73     0.00 22432.64    47.00
 309  3579.01    30.04 54102.36     0.00 22597.73    54.00
 310  3575.45    30.04 54158.56     0.00 22648.18    49.00
 311  3538.70    30.05 54253.27     0.00 22911.53    48.00
 312  3532.97    30.05 54294.95     0.00 22976.96    49.00
 313  3597.46    30.05 54324.18     0.00 22592.98    52.00
 314  3657.74    30.05 54343.45     0.00 22248.09    49.00
 315  3590.77    30.06 54389.16     0.00 22690.76    48.00
 316  3569.74    30.06 54474.02     0.00 22852.39    51.00
 317  3538.38    30.06 54585.77     0.00 23083.17    49.00
 318  3552.54    30.06 54666.41     0.00 23019.29    47.00
 319  3549.30    30.06 54721.76     0.00 23068.46    48.00
 320  3517.35    30.06 54787.43     0.00 23306.38    48.00
 321  3497.68    30.07 54825.01     0.00 23466.02    50.00
 322  3557.52    30.07 54828.89     0.00 23099.50    49.00
 323  3487.55    30.07 54940.48     0.00 23591.43    48.00
 324  3454.37    30.07 55061.14     0.00 23846.96    49.00
 325  3441.09    30.07 55130.02     0.00 23967.99    47.00
 326  3527.76    30.07 55182.06     0.00 23407.64    48.00
 327  3420.33    30.07 55299.07     0.00 24171.88    48.00
 328  3447.58    30.08 55354.20     0.00 24009.88    49.00
 329  3395.13    30.08 55432.89     0.00 24410.16    49.00
 330  3435.65    30.08 55468.09     0.00 24151.45    53.00
 331  3567.66    30.09 55439.77     0.00 23286.07    49.00
 332  4034.96    30.10 55300.19     0.00 20614.69    52.00
 333  3523.80    30.10 55493.71     0.00 23632.56    55.00
 334  3708.64    30.10 55527.63     0.00 22481.96    51.00
 335  4075.99    30.11 55487.92     0.00 20480.81    51.00
 336  3481.82    30.11 55715.39     0.00 24003.52    50.00
 337  3926.00    30.12 55606.08     0.00 21313.95    52.00
 338  3716.15    30.12 55703.23     0.00 22544.17    51.00
 339  3573.65    30.12 55815.01     0.00 23470.82    49.00
 340  3409.58    30.13 55953.22     0.00 24629.25    53.00
 341  3347.85    30.13 56070.85     0.00 25113.11    51.00
 342  3867.42    30.14 56105.68     0.00 21765.99    49.00
 343  4013.97    30.14 56034.52     0.00 20996.41    49.00
 344  3669.62    30.14 56166.80     0.00 22993.36    47.00
 345  3356.69    30.15 56274.34     0.00 25166.09    50.00
 346  3403.59    30.15 56300.60     0.00 24848.84    47.00
 347  3259.29    30.15 56493.93     0.00 25979.27    48.00
 348  3258.31    30.15 56557.53     0.00 26017.81    48.00
 349  3269.33    30.16 56603.16     0.00 25960.66    49.00
 350  3237.32    30.16 56709.34     0.00 26248.16    51.00
 351  3221.24    30.16 56807.24     0.00 26410.22    50.00
 352  3192.62    30.16 56910.37     0.00 26678.22    48.00
 353  3176.67    30.17 57009.24     0.00 26843.61    50.00
 354  3288.57    30.17 57006.40     0.00 25960.83    49.00
 355  3176.16    30.17 57107.04     0.00 26910.85    50.00
 356  3150.23    30.17 57172.58     0.00 27164.03    53.00
 357  3114.94    30.17 57273.79     0.00 27503.72    50.00
 358  3106.47    30.18 57322.21     0.00 27610.92    49.00
 359  3124.74    30.18 57387.22     0.00 27481.47    48.00
 360  3140.08    30.18 57393.66     0.00 27379.11    54.00
 361  3097.76    30.18 57455.31     0.00 27785.30    61.00
 362  3062.19    30.18 57509.86     0.00 28140.60    50.00
 363  3039.58    30.18 57586.36     0.00 28382.75    48.00
 364  3016.58    30.18 57679.84     0.00 28632.22    48.00
 365  3036.94    30.19 57699.17     0.00 28473.23    53.00
 366  3011.90    30.19 57744.44     0.00 28743.12    49.00
 367  2999.40    30.19 57831.08     0.00 28896.15    52.00
 368  3078.71    30.20 57864.41     0.00 28184.46    49.00
 369  2971.94    30.20 57977.34     0.00 29230.29    50.00
 370  3031.36    30.20 57946.55     0.00 28690.52    54.00
 371  2980.59    30.20 58010.13     0.00 29212.56    56.00
 372  2961.84    30.20 58072.40     0.00 29431.21    52.00
 373  2957.85    30.20 58108.68     0.00 29504.70    50.00
 374  3002.04    30.20 58111.63     0.00 29103.82    49.00
 375  2953.31    30.20 58170.52     0.00 29617.73    51.00
 376  2940.60    30.20 58240.11     0.00 29779.67    50.00
 377  2932.02    30.21 58284.71     0.00 29900.94    52.00
 378  2926.41    30.21 58329.11     0.00 29992.41    54.00
 379  2911.71    30.21 58390.62     0.00 30178.03    49.00
 380  2887.99    30.21 58461.56     0.00 30460.51    51.00
 381  2869.77    30.21 58539.13     0.00 30688.65    50.00
 382  2847.02    30.21 58630.70     0.00 30968.85    51.00
 383  2853.17    30.21 58632.16     0.00 30937.16    56.00
 384  2971.37    30.21 58637.47     0.00 29740.60    54.00
 385  2964.55    30.21 58684.93     0.00 29842.68    51.00
 386  2836.15    30.21 58768.23     0.00 31228.51    50.00
 387  2817.32    30.21 58844.50     0.00 31472.63    51.00
 388  2805.00    30.21 58901.31     0.00 31646.46    54.00
 389  2802.34    30.21 58920.87     0.00 31712.23    52.00
 390  2785.53    30.21 59009.48     0.00 31939.41    50.00
 391  2830.91    30.22 58996.02     0.00 31462.82    53.00
 392  2927.65    30.22 59000.14     0.00 30457.68    54.00
 393  2855.05    30.22 59032.45     0.00 31266.91    52.00
 394  2924.09    30.23 59055.18     0.00 30563.16    54.00
 395  2834.82    30.23 59187.09     0.00 31560.49    53.00
 396  2917.21    30.23 59179.26     0.00 30703.73    51.00
 397  2818.53    30.23 59293.11     0.00 31813.84    52.00
 398  2839.55    30.23 59307.03     0.00 31613.61    55.00
 399  2778.61    30.23 59391.79     0.00 32342.70    52.00
 400  2766.64    30.24 59421.44     0.00 32518.67    54.00
 401  2739.34    30.24 59501.23     0.00 32879.14    53.00
 402  2873.92    30.24 59484.21     0.00 31374.74    53.00
 403  3199.68    30.24 59482.69     0.00 28212.73    51.00
 404  2724.54    30.24 59614.90     0.00 33167.70    51.00
 405  2714.48    30.24 59659.52     0.00 33327.50    53.00
 406  2708.16    30.24 59682.91     0.00 33442.08    56.00
 407  2703.73    30.24 59741.42     0.00 33533.89    54.00
 408  2693.40    30.24 59795.62     0.00 33699.47    54.00
 409  2673.69    30.24 59872.03     0.00 33985.19    54.00
 410  2663.32    30.24 59914.94     0.00 34155.04    53.00
 411  2670.30    30.25 59964.99     0.00 34103.23    55.00
 412  2662.62    30.25 60010.91     0.00 34239.11    52.00
 413  2664.63    30.25 60022.18     0.00 34250.87    53.00
 414  2711.67    30.25 60006.79     0.00 33693.77    59.00
 415  2666.25    30.25 60064.13     0.00 34305.00    55.00
 416  2696.58    30.25 60067.27     0.00 33956.37    53.00
 417  2670.16    30.25 60156.78     0.00 34329.69    60.00
 418  2657.02    30.25 60206.12     0.00 34537.02    53.00
 419  2647.09    30.25 60246.51     0.00 34704.28    54.00
 420  2732.95    30.26 60254.59     0.00 33650.95    52.00
 421  2659.46    30.26 60341.91     0.00 34618.06    53.00
 422  2637.13    30.26 60407.47     0.00 34948.99    54.00
 423  2636.02    30.26 60455.65     0.00 35001.65    54.00
 424  2616.60    30.26 60517.55     0.00 35299.49    51.00
 425  2608.70    30.26 60556.42     0.00 35444.70    53.00
 426  2594.95    30.26 60611.33     0.00 35670.91    54.00
 427  2592.92    30.27 60657.64     0.00 35737.38    57.00
 428  2612.81    30.27 60705.92     0.00 35503.77    55.00
 429  2585.95    30.27 60751.39     0.00 35911.05    53.00
 430  2585.69    30.27 60802.80     0.00 35953.22    58.00
 431  2571.99    30.27 60873.61     0.00 36183.55    57.00
 432  2554.94    30.27 60934.61     0.00 36464.12    55.00
 433  2606.67    30.27 60957.49     0.00 35779.05    53.00
 434  2604.44    30.28 60957.11     0.00 35848.10    55.00
 435  2547.42    30.28 61085.62     0.00 36689.44    53.00
 436  2537.80    30.28 61118.82     0.00 36867.81    55.00
 437  2539.79    30.28 61143.84     0.00 36878.35    59.00
 438  2541.27    30.28 61171.67     0.00 36896.10    54.00
 439  2522.96    30.28 61236.10     0.00 37203.37    56.00
 440  2509.14    30.28 61309.82     0.00 37448.14    56.00
 441  2496.69    30.28 61389.09     0.00 37674.88    54.00
 442  2500.76    30.28 61428.78     0.00 37653.48    55.00
 443  2488.24    30.28 61463.49     0.00 37883.10    53.00
 444  2480.79    30.28 61525.27     0.00 38037.06    56.00
 445  2490.76    30.28 61569.70     0.00 37924.96    56.00
 446  2503.38    30.28 61592.75     0.00 37773.87    55.00
 447  2516.10    30.29 61655.44     0.00 37622.64    57.00
 448  2504.62    30.29 61690.81     0.00 37834.90    54.00
 449  2485.94    30.29 61758.97     0.00 38159.28    56.00
 450  2482.32    30.29 61808.09     0.00 38255.28    54.00
 451  2466.18    30.29 61887.37     0.00 38546.01    54.00
 452  2455.25    30.29 61942.50     0.00 38758.27    55.00
 453  2459.37    30.29 61989.99     0.00 38734.02    55.00
 454  2447.28    30.29 62066.25     0.00 38966.20    55.00
 455  2436.04    30.29 62103.87     0.00 39186.82    54.00
 456  2431.44    30.29 62148.53     0.00 39302.06    55.00
 457  3062.66    30.29 62110.14     0.00 31237.11    59.00
 458  2413.23    30.29 62260.02     0.00 39681.42    61.00
 459  2416.36    30.29 62283.65     0.00 39671.42    59.00
 460  2412.44    30.29 62313.63     0.00 39777.27    59.00
 461  2406.36    30.29 62352.11     0.00 39919.32    54.00
 462  2398.05    30.30 62402.31     0.00 40099.18    57.00
 463  2383.69    30.30 62477.36     0.00 40382.53    55.00
 464  2379.76    30.30 62506.90     0.00 40491.20    54.00
 465  2378.61    30.30 62530.19     0.00 40552.85    58.00
 466  2374.85    30.30 62571.61     0.00 40659.13    56.00
 467  2390.37    30.30 62593.59     0.00 40437.15    57.00
 468  2373.19    30.30 62626.08     0.00 40771.75    55.00
 469  2370.82    30.30 62645.55     0.00 40854.64    58.00
 470  2370.34    30.30 62668.73     0.00 40905.08    56.00
 471  2358.80    30.30 62712.72     0.00 41147.59    56.00
 472  2352.65    30.30 62751.44     0.00 41297.50    58.00
 473  2357.54    30.31 62767.55     0.00 41254.38    58.00
 474  2351.15    30.31 62809.32     0.00 41408.90    55.00
 475  2343.84    30.31 62873.16     0.00 41580.59    56.00
 476  2361.22    30.31 62921.94     0.00 41317.05    58.00
 477  2374.00    30.31 62933.16     0.00 41136.88    56.00
 478  2336.04    30.31 62996.64     0.00 41847.85    58.00
 479  2346.00    30.31 63013.16     0.00 41712.81    55.00
 480  2326.98    30.31 63074.20     0.00 42096.57    54.00
 481  2338.85    30.31 63095.46     0.00 41925.72    60.00
 482  2321.49    30.31 63188.06     0.00 42282.28    55.00
 483  2310.46    30.31 63250.90     0.00 42527.25    56.00
